28.76889921
31.30387752
26.94016054
36.83430394
11.25599793
8.482257292
8.450246306
9.110740067
6.042950981
4.005662788
11.66314823
32.40377918
36.31920584
48.82326702
52.4470932
46.53258331
18.70683569
12.61136739
10.99078505
9.46275355
7.029736423
5.596990625
3.617143504
11.75678831
31.61329506
43.26596076
17.56842317
15.25720866
10.55742213
8.619509969
7.94219591
10.54001844
9.121071317
4.38482923
12.21467753
8.322571549
20.44832959
17.66055942
33.83866703
54.76289226
11.82167493
7.149298246
6.440996225
6.872394468
4.115664513
3.798080951
11.96864641
34.37374653
37.3954736
32.09333627
26.2641366
12.2044978
10.63481458
7.517698434
7.503062262
6.814793674
4.699087178
3.431089279
2.0712894
2.187689692
22.95621897
48.78146729
40.54832858
30.87465894
12.90118396
9.622137993
8.240936873
12.42872206
5.646048552
3.934264693
18.42765594
27.1254176
24.41111313
37.06271792
39.63420929
24.80950461
10.66714284
7.377682268
6.693387223
6.560846257
4.288312096
4.487805575
15.14330851
31.67376109
26.72989435
31.32902863
20.74818155
42.202073
26.50266499
7.003023783
6.235100812
8.386209828
4.384865027
2.760200771
25.68444772
14.24716044
34.49083943
45.20302863
41.70463357
35.4693429
12.11336883
7.621514039
6.86768331
9.571056907
4.206189807
3.886970983
13.78514093
21.08822784
20.28660058
25.49331267
44.96378985
32.32848279
11.82614865
6.936485604
6.669458677
5.517565605
11.43824954
3.451721187
29.62969248
21.80161615