45.55072625
26.23709886
26.64140165
20.71989238
0.218979163
0.267333079
1.284470402
3.445111813
1.525971168
0.549204527
20.35738159
136.8193511
44.19306541
64.47778266
46.66327476
23.0190583
1.462517212
0.260645525
0.855516554
1.038897781
0.597907094
0.788888783
0.085374473
14.40394983
124.8436156
2.15227502
0.201422556
5.160141634
1.089477731
0.025499184
0.351090547
4.628991778
4.243202997
4.055131398
12.28285875
1.387948146
22.87398461
19.79314007
67.24896317
32.32858572
0.4004026
0.205549223
0.100700206
2.293593345
0.0926745
1.483629133
25.10184744
99.07202655
14.12500456
32.76353441
8.570422468
4.504820297
3.369325717
0.931807183
1.651447798
2.007483325
0.673411947
0.241267717
0.070322041
0.806875725
113.6458592
78.91939913
5.938074809
19.12951671
0.809885881
0.020659984
0.256523191
6.483504459
0.213639903
0.135591669
55.80720603
0.247160896
36.04912869
69.71731301
24.67999117
4.088512317
1.550178341
0.250346332
0.047097654
1.784265485
0.265055052
2.735459537
43.64764152
33.43168464
44.29160323
8.183086864
12.49668518
57.77609706
9.543339564
0.02610012
0.310297121
4.817593144
0.976845043
0.091897414
47.25392581
3.413263275
98.18975295
35.64768077
38.09938973
19.85995153
2.670684567
0.276480777
0.473477476
5.346832698
0.165983609
1.998219612
42.88860919
1.011588727
20.92101584
34.4175616
81.04859143
1.550325711
3.00290396
0.556693536
1.403678754
0.728423994
9.002572457
1.143649522
44.64233264
84.58551413