47.50063293873019
65.29755690001475
63.84946346445406
48.28781611832564
32.754077679072225
14.532496986589416
11.11385723918677
3.9471341132770705
-2.4466528054719006
-17.929023170068074
6.3613812750830965
12.338456392427481
31.879481792849884
44.313358208318235
27.165953284595826
32.698325025000386
15.05270911568527
7.132771027425878
-13.632625801984252
-21.442851017886777
-29.275476601518864
-23.51847307458354
-23.758792831099562
-16.22891830711921
1.4833723292998353
-6.005873469368811
-13.10715430717926
-26.7425370424562
-48.147921627181894
-48.19191260661663
-70.7788104891125
-61.66425595509309
-67.31542970685021
-72.45836172493317
-65.32403310873494
-56.12522915836633
-60.09311548665935
-60.921970399551
-62.83420161669784
-52.27923846389393
-58.24575109890598
-77.97769765075715
-67.60401390435779
-77.73133894181214
-83.39636616258187
-90.98822321705553
-74.44402471799391
-51.86282941096217
-56.031001332385244
-48.39994648089793
-62.47920492283962
-66.9922725085714
-65.44968609125647
-77.15802880597869
-81.09975531175787
-89.56216820118672
-100.58285810314199
-96.74681293285245
-97.64324049607191
-111.27860746967181
-99999
-57.80377455677915
-49.35035320166781
-64.56949934574179
-67.62950198772498
-99999
-85.24943547519801
-91.4313290015063
-82.55410003316099
-92.96225116923009
-91.68326251905013
-99999
-77.94380115074497
-49.50281397055102
-46.23236504854139
-63.45506780436312
-99999
-109.90798642179055
-94.75644156724927
-117.03498833882632
-105.50105833110192
-99999
-100.93690395126221
-93.8081824543895
-72.55625652790923
-63.821722599621985
-99999
-83.09830512203058
-75.78534314954054
-75.78768070493359
-108.33353103364375
-99999
-99999
-125.25615932523593
-102.85294313049405
-99.64365481989371
-89.87861555731938
-99999
-79.80520097795315
-85.35859971397834
-97.8468988733517
-82.1202715698181
-99999
-120.38893077733469
-134.14141432572976
-115.28214733330111
-101.98803525046279
-99999
-118.71665471665118
-114.17466038195582
-116.72233931990367
-108.88205601656355
-99999
-99999
-123.30994860725141
-132.3144397917171
-122.08591483746616
-99999
-99999
-120.5135664701573
