22.247438197193098
22.63275816278833
22.35211176000261
22.50011617288454
22.39401644088304
24.652162754014498
24.146062980726455
22.663119179181773
24.22655848526616
23.630706206507337
23.194245672428742
24.074117468216393
24.45888904994253
24.150794674161613
23.43221451053279
23.863074856974283
23.418567830494293
23.981651543524624
23.483621283232793
25.267573406526438
24.864182499456547
25.578024284103293
26.551694737769708
25.189436011524315
25.001753727720793
26.891900909776272
25.34034109064401
27.275827463176377
25.99287676491302
25.318298046989202
25.890042272066168
25.532879296162122
25.54537946597046
24.90741233242153
26.494706500021877
25.789955669746707
25.412425512262416
25.9624698429826
25.670378165540253
23.34875206385736
22.96050510966697
22.778897102514645
24.297877425354063
22.817792299635233
21.8685114406834
22.539220742747617
22.337333023359356
22.42550966858019
22.335507276075113
22.434875204780187
24.048192520572893
21.467798324040285
21.680183329977186
26.638914987025533
23.138410219876683
22.156115609347474
23.310275753352336
25.398516471362427
26.911176935787314
28.417266408149153
-99999
31.999505743736187
30.505505535472125
29.108254230319965
27.39806584077962
-99999
29.087229075624766
26.677809002900275
25.58001049447488
24.633587566427313
25.053016587238332
-99999
23.75761316801635
24.71009714359449
22.874303493097315
28.09988529699983
-99999
25.635649598996935
24.381545058661523
23.86105711786009
26.66612194222854
-99999
27.14333942075624
25.091946595961954
24.577558745301594
26.34557652067799
-99999
27.185134454278995
23.914680245245655
24.646473917414937
24.34430634045666
-99999
-99999
24.40425564814016
23.076178510765732
22.901242202046532
27.381875394866217
-99999
20.27758907278137
21.062833688293452
21.304875013739302
23.242660367319942
-99999
21.7424369294484
21.17512033069735
20.416537684500188
20.204868174005288
-99999
23.1582744787372
40.975500998909276
18.406558250208285
20.61068083437132
-99999
-99999
23.35917877974731
22.7543810551504
25.078607987465084
-99999
-99999
25.201619912009434
