17.14075872
14.22667228
12.21946646
9.372385026
3.530324669
0.693165946
0.283912416
1.119714379
1.914438243
2.591737959
7.39304789
22.36355432
19.87469147
17.82551758
17.12945225
9.334982953
5.567998778
1.305691899
0.498090822
0.787947858
1.839579518
2.95011692
2.534207755
12.76121475
23.80180204
7.374333863
3.381922566
4.895905983
1.76428898
0.342184283
0.214470539
1.191284296
1.479655476
5.777748595
8.135389295
8.34083377
13.28214718
9.616560926
10.29707268
7.916098288
2.538830771
0.832623245
0.222775561
0.757992813
1.213963435
2.43181482
7.581176544
22.73419258
11.83508106
13.27916121
6.786375109
6.48224828
3.133846075
0.357447728
0.312722079
0.792763392
1.31192878
2.063019745
2.024883842
2.481578242
16.43405737
20.20431346
9.31685235
7.907554182
3.170224204
0.365345638
0.272461162
1.384139118
1.470849077
2.766463656
8.858862447
5.763605159
13.52791885
16.82781385
9.110010822
7.997840651
2.665479093
0.848805762
0.199356047
0.492830066
1.365560317
3.431325924
13.31391809
16.80866364
14.08372834
8.888279571
9.758930829
7.847626562
7.507455835
0.870379564
1.119711202
4.222013408
1.593727064
1.995457243
12.71617068
9.597560134
20.26701001
14.74381165
16.76300256
7.536190717
4.675312017
0.667586211
0.288836023
0.841182546
1.375234775
3.126794242
8.040148305
7.872988825
11.69085952
10.71564462
14.80084831
5.486382427
2.965794092
0.448719417
0.476477721
0.55022902
1.700357811
3.963164232
8.829121011
16.00888516